gene_id	Stage_0	Stage_1	Stage_2	Stage_3	Stage_4	Stage_5	Stage_6_1	Stage_6_2
StHeBC4_c10541_g0	0	0.13	0	0	0	0.18	0	0
StHeBC4_c11261_g0	0.06	2.51	335.72	131.33	23.52	13.16	0	0
StHeBC4_c11471_g0	0.14	0	0	0	0	0	0	0
StHeBC4_c11483_g0	0.44	0.34	0	0.18	0.35	0.68	0.34	0.17
StHeBC4_c12587_g2	16.87	6.83	10.79	12.04	7.17	10.21	3.2	4.95
StHeBC4_c12903_g10585	1.31	1.91	1.67	3.71	6.45	4.36	0.6	0.06
StHeBC4_c12903_g10875	14.16	6.53	8.63	10.54	9.31	20.25	13.43	14.71
StHeBC4_c12903_g11366	114.14	18.61	44.68	16.16	10.34	19.67	9.35	13.08
StHeBC4_c12903_g11444	1.27	2.11	3.07	2.86	0.58	1.25	0.47	0.8
StHeBC4_c12903_g12703	5.03	5.5	5.28	6.79	10.77	11.08	52.27	19.92
StHeBC4_c12903_g12842	1.91	74.36	61.15	106.09	61.07	95.45	10.12	9.81
StHeBC4_c12903_g13577	3.81	3.45	2	2.83	2.97	2.95	2.31	1.77
StHeBC4_c12903_g14483	1.44	0.33	0.71	0.45	0.28	0.36	0.15	0.14
StHeBC4_c12903_g14484	16.19	33.9	24.64	33.14	21.36	3.44	21.1	24.68
StHeBC4_c12903_g14638	0.03	0.02	0.05	0.12	0.01	0.13	0.01	0.01
StHeBC4_c12903_g15230	0.83	0.15	0.39	0.35	0.27	0.75	0.43	0.68
StHeBC4_c12903_g15476	0.13	0.05	0.12	0.08	0.05	0.03	0	0
StHeBC4_c12903_g15810	27.21	28.97	19.55	32.61	37.76	13.97	13.24	12.1
StHeBC4_c12903_g15860	3.79	1.54	2.62	2.95	2.26	4.93	1.04	2.62
StHeBC4_c12903_g16488	0.21	0.15	0.1	0.21	0.07	1.08	1.09	1.89
StHeBC4_c12903_g17146	1.96	1.05	1.12	1.41	0.4	0.33	0.08	0.1
StHeBC4_c12903_g18100	0	0	0	0	0.09	0	0	0
StHeBC4_c12903_g18330	8.65	4.12	6.66	7.69	7.32	5.05	3.8	4.66
StHeBC4_c12903_g18700	0.81	0.32	0.59	0.37	0.27	0.44	0.33	0.62
StHeBC4_c12903_g20268	13.74	21.61	14.68	28.47	35.5	15.05	24.85	22.16
StHeBC4_c12903_g20722	1.02	15.7	8.54	13.24	9.48	25.61	30.55	53.7
StHeBC4_c12903_g208	0.87	0.26	0.29	0.48	0.43	0.57	0.27	0.21
StHeBC4_c12903_g2185	48.3	1119.47	1132.48	2566.77	2798.58	650.38	377.57	311.24
StHeBC4_c12903_g22518	0.11	0.12	0.09	0	0	0	0	0
StHeBC4_c12903_g22741	1.13	0.71	0.96	1.16	1	2.1	0.58	0.5
StHeBC4_c12903_g2276	22.54	7.27	10.28	9.7	10.25	16.37	7.98	9
StHeBC4_c12903_g23955	0.03	0.09	0	0.16	0.04	0.19	0.08	0
StHeBC4_c12903_g26306	7.34	4.14	5.61	3.83	2.94	6.32	9.83	7.04
StHeBC4_c12903_g27140	3.18	10.22	5.18	8.63	11.86	5.63	2.01	6
StHeBC4_c12903_g30160	4.61	6.03	6.41	10.53	6.71	6.1	5.98	3.43
StHeBC4_c12903_g30936	1.95	1.24	0.77	1.32	1.85	1.76	1.43	0.79
StHeBC4_c12903_g32577	2.6	4.18	3.88	4.84	6.43	3.91	9.63	5.1
StHeBC4_c12903_g33372	3.42	2.71	2.86	4.44	4.01	4.11	2.91	3.2
StHeBC4_c12903_g33449	0.67	0.49	1.31	1.47	0.2	1.69	1.33	1.17
StHeBC4_c12903_g33550	0	0.04	0.07	0.08	0.04	0	0.28	0.26
StHeBC4_c12903_g33830	0.21	0.87	0.7	1.07	1.01	2	1.01	2.24
StHeBC4_c12903_g34427	2.02	0.9	0.87	1.53	1.11	2.44	3.42	1.67
StHeBC4_c12903_g34644	0	0	0	0	0	0	0	0
StHeBC4_c12903_g35328	0.88	0.34	0.53	0.37	0.11	0.68	0.98	1.5
StHeBC4_c12903_g35474	2.65	0.4	0.92	1.3	1.14	1.76	0.31	0.79
StHeBC4_c12903_g38175	16.89	16.65	30.24	40.26	38.13	64.02	30.68	25.23
StHeBC4_c12903_g38577	23.26	16.72	19.81	19.36	10.89	14.35	12.51	77.89
StHeBC4_c12903_g39295	23.77	36.89	64.57	35.36	30.19	41.2	55.41	43.62
StHeBC4_c12903_g39698	0.09	1.62	1.02	0.7	0.59	0.6	0.5	1.15
StHeBC4_c12903_g40108	0.13	0.12	0.04	0.28	0.4	0.57	0.36	0.28
StHeBC4_c12903_g40212	1.56	0.28	0.67	0.71	0.57	0.73	0.27	0.27
StHeBC4_c12903_g42998	0.78	1.55	1.57	3.57	1.7	2.19	1.61	2.55
StHeBC4_c12903_g43157	0.29	3.57	2.12	7.71	9.76	1.54	0.79	1
StHeBC4_c12903_g4626	0.37	1.48	2.61	2.09	0.23	1.22	2.19	0.5
StHeBC4_c12903_g5042	96.49	262.79	238.12	106.04	49.5	53.03	63.02	36.98
StHeBC4_c12903_g5434	2.54	5.56	4.49	2.88	1.92	1.48	1.34	0.08
StHeBC4_c12903_g6700	0.04	0	0.07	0.09	0.03	0	0.09	0
StHeBC4_c12903_g6756	1.41	14.89	2.69	13.47	4.89	3.82	0.86	0
StHeBC4_c12903_g6843	0	0	0	0	0	0	0	0
StHeBC4_c12903_g7195	3.13	3.64	9.1	8.01	4.82	2.91	1.14	0.73
StHeBC4_c12903_g7992	11.26	2.06	3.63	6.43	6.96	2.75	7.51	4.46
StHeBC4_c12903_g8484	0.13	0	0.01	0.02	0.02	0	0.08	0.07
StHeBC4_c12903_g8677	7.66	2.16	3.95	4.47	3.08	5.34	8.7	6.18
StHeBC4_c12903_g9452	27.8	3.65	9.22	7.88	5.06	9.94	53.18	53.13
StHeBC4_c13584_g0	1.38	0.63	1.1	0.37	0.19	0.61	0	0.09
StHeBC4_c15477_g0	0	0.4	0.13	0.52	0.39	0.21	0.37	2.76
StHeBC4_c16184_g0	0	0.13	0.13	0.36	0.12	0.62	4.79	3.16
StHeBC4_c16622_g1	0.09	0	0	0	0	0	0	0.08
StHeBC4_c16693_g0	0	0	0	0	0	0	0	0
StHeBC4_c17480_g0	5.77	1.63	2.41	3.09	2.96	3.18	5.46	4.13
StHeBC4_c17648_g0	0.09	0.02	0	0.09	0.05	0.03	0	0.03
StHeBC4_c18569_g0	3.11	0.31	0.4	0.48	0.35	0.11	0.56	2.3
StHeBC4_c18569_g2	2.51	0.58	0.7	0.95	0.56	0.48	0.72	1.35
StHeBC4_c18860_g2	0.69	0.2	0.52	0.23	0.23	0.41	0.26	0.28
StHeBC4_c18968_g1	1.1	1.74	2.39	1.33	1.07	0.88	1.28	0.72
StHeBC4_c18975_g4	0.23	0.34	0.21	0.58	0.1	0.2	0.04	0.18
StHeBC4_c18975_g7	2.22	0.4	0.75	1.5	1.38	1.43	2.48	2.28
StHeBC4_c19033_g0	0	0.08	0.05	0.06	0	0.08	0.06	0
StHeBC4_c20119_g0	0.15	0	0	0	0	0	0	0
StHeBC4_c20608_g0	4.86	6.71	3.9	4.1	4.17	2.8	0.61	6.06
StHeBC4_c20621_g7	39.93	26.49	37.72	36.58	27.14	39.79	31.56	36.52
StHeBC4_c21038_g1	0.99	1.13	1.25	1.99	1.73	1.46	0.18	0.31
StHeBC4_c22011_g3	12.88	9.74	10.98	8.36	5.87	9.5	6.48	4.47
StHeBC4_c22472_g0	0.09	0.03	0.03	0.09	0.04	0	0.02	0.01
StHeBC4_c23083_g3	0.41	0.14	0.35	0.3	0.3	0.74	0.22	0.54
StHeBC4_c23323_g2	54.99	14.02	26.84	20	17.7	18.87	8.49	9.29
StHeBC4_c23585_g1	5.01	0.67	1.01	1.25	0.57	0.3	0	0.05
StHeBC4_c24106_g0	0	0.11	0.08	0.22	0.1	0.28	0	0
StHeBC4_c24484_g1	3.4	0.72	1.14	1.34	0.92	2.78	1.77	2.35
StHeBC4_c24979_g0	4.25	5.84	6.54	9.33	8.97	10.18	6.41	7.21
StHeBC4_c24979_g1	1.74	1.41	1.17	1.35	2.56	1.53	4.4	3.41
StHeBC4_c25304_g0	0.77	0.97	1.01	6.23	11.02	0.71	1.7	5.95
StHeBC4_c26043_g0	18.64	18.91	18.94	23.54	26.64	9.53	16.57	25.98
StHeBC4_c26242_g21	0.04	0.17	0.17	0.28	0.23	0.02	0	0.29
StHeBC4_c26811_g0	14.46	8.05	8.44	8.89	11.6	11.63	6.37	7.05
StHeBC4_c26825_g3	0.2	6.92	4.28	6.15	3.14	1.98	0.07	2.03
StHeBC4_c26987_g0	7.01	1.3	4.38	5.33	5.97	1.6	4.97	12.37
StHeBC4_c9824_g0	0.61	0.12	0.41	0	0.12	0.14	0	0.37
StHeBC4_c9911_g3	0.61	0.32	0.38	0.22	0.29	0.69	0.12	0.22