8.931276897787864e-05
7.231803156103534e-07
0.0
1.735632757464848e-05
2.8927212624414135e-06
6.870212998298357e-06
5.785442524882827e-06
3.615901578051767e-07
0.0002462428974653253
1.08477047341553e-06
0.0
3.615901578051767e-06
6.50862284049318e-06
2.5311311046362365e-06
6.870212998298357e-06
5.062262209272473e-06
2.8927212624414135e-06
8.67816378732424e-06
5.785442524882827e-06
3.25431142024659e-06
1.8079507890258834e-06
5.4238523670776504e-06
6.147032682688004e-06
2.16954094683106e-06
1.844109804806401e-05
3.977491735856943e-06
2.5311311046362365e-06
3.615901578051767e-07
1.2294065365376007e-05
1.8079507890258834e-06
7.231803156103534e-07
1.3378835838791537e-05
9.401344102934593e-06
5.062262209272473e-06
7.231803156103534e-07
1.0124524418544946e-05
7.231803156103534e-07
1.410201615440189e-05
5.062262209272473e-06
1.8079507890258834e-06
1.7717917732453657e-05
2.8927212624414135e-06
1.4463606312207068e-06
2.5311311046362365e-06
0.0002943343884534138
6.147032682688004e-06
3.615901578051767e-06
5.062262209272473e-06
0.0004852539917745471
0.0
7.231803156103534e-07
0.0
2.314177009953131e-05
8.461209692641134e-05
8.316573629519064e-05
3.615901578051767e-07
3.615901578051767e-07
5.4238523670776504e-06
7.231803156103534e-07
1.8079507890258834e-06
2.16954094683106e-06
4.592195004125744e-05
1.7717917732453657e-05
3.615901578051767e-06
1.0486114576350124e-05
6.50862284049318e-06
0.0
0.0006512238742071232
5.785442524882827e-06
3.25431142024659e-06
3.977491735856943e-06
6.870212998298357e-06
7.954983471713887e-05
3.977491735856943e-06
6.50862284049318e-06
0.0
1.5909966943427772e-05
0.0
6.147032682688004e-06
5.062262209272473e-06
1.08477047341553e-06
0.0
7.231803156103534e-07
3.362788467588143e-05
5.4238523670776504e-06
3.977491735856943e-06
1.5548376785622597e-05
3.25431142024659e-06
1.2655655523181184e-05
7.231803156103534e-07
6.797894966737322e-05
3.615901578051767e-07
0.0
3.615901578051767e-06
5.062262209272473e-06
2.16954094683106e-06
4.33908189366212e-06
0.0
3.615901578051767e-07
1.5909966943427772e-05
0.0001815182592181987
3.615901578051767e-07
1.9164278363674364e-05
1.4463606312207068e-06
0.0
7.231803156103534e-07
7.231803156103534e-06
1.4463606312207068e-06
0.0
2.5311311046362365e-06
5.785442524882827e-06
2.2056999626115777e-05
8.750481818885275e-05
3.977491735856943e-06
7.231803156103534e-07
0.0
6.147032682688004e-06
2.8927212624414135e-06
5.785442524882827e-06
1.5548376785622597e-05
1.8079507890258834e-06
0.0003113291258702571
8.316573629519063e-06
3.688219609612802e-05
1.08477047341553e-06
3.615901578051767e-06
6.147032682688004e-06
2.16954094683106e-06
9.401344102934593e-06
1.8802688205869185e-05
5.062262209272473e-06
5.785442524882827e-05
2.5311311046362365e-06
7.231803156103534e-06
8.316573629519063e-06
0.0
4.700672051467296e-06
0.00012981086665205842
5.4238523670776504e-06
1.4463606312207068e-06
2.5311311046362368e-05
3.615901578051767e-07
3.25431142024659e-06
3.615901578051767e-07
2.5311311046362365e-06
1.8079507890258834e-06
3.25431142024659e-06
3.615901578051767e-06
5.206898272394544e-05
7.954983471713886e-06
3.615901578051767e-07
5.062262209272473e-06
1.1570885049765654e-05
5.785442524882827e-06
3.25431142024659e-06
9.401344102934593e-06
7.231803156103534e-07
1.1209294891960478e-05
3.977491735856943e-06
5.062262209272473e-06
5.4238523670776504e-06
2.8927212624414135e-06
5.785442524882827e-06
6.50862284049318e-06
2.5311311046362365e-06
2.8927212624414135e-06
2.8565622466608956e-05
3.615901578051767e-07
3.25431142024659e-06
9.835252292300806e-05
1.8079507890258834e-06
5.062262209272473e-06
9.365185087154076e-05
8.316573629519063e-06
1.8079507890258834e-06
1.08477047341553e-06
4.700672051467296e-06
1.08477047341553e-06
1.8079507890258834e-06
2.4588130730752015e-05
7.882665440152851e-05
3.25431142024659e-06
7.231803156103534e-07
3.977491735856943e-06
1.4463606312207067e-05
3.615901578051767e-06
0.0
1.4463606312207068e-06
0.0
3.977491735856943e-06
0.0
7.231803156103534e-07
1.4463606312207068e-06
1.5909966943427772e-05
2.16954094683106e-06
7.231803156103533e-05
0.0
0.0
8.316573629519063e-06
3.615901578051767e-06
1.2294065365376007e-05
3.615901578051767e-06
4.33908189366212e-06
0.0
1.08477047341553e-06
1.08477047341553e-06
0.0004306538779459654
6.50862284049318e-06
7.231803156103534e-07
0.00025998332346192205
1.2655655523181184e-05
2.5311311046362365e-06
1.08477047341553e-06
1.4463606312207068e-06
3.037357325563484e-05
5.062262209272473e-06
3.615901578051767e-07
3.615901578051767e-06
6.870212998298357e-06
5.4238523670776504e-06
3.615901578051767e-06
5.785442524882827e-06
7.231803156103534e-06
2.5672901204167543e-05
0.0
0.0
6.50862284049318e-06
7.231803156103534e-07
0.0
9.90757032386184e-05
3.145834372905037e-05
2.314177009953131e-05
3.25431142024659e-06
5.062262209272473e-06
2.061063899489507e-05
1.0847704734155301e-05
0.0
9.039753945129416e-06
1.1570885049765654e-05
0.0
7.231803156103534e-06
1.0124524418544946e-05
7.231803156103534e-06
0.00014499765327987584
2.4226540572946837e-05
1.518678662781742e-05
2.8927212624414135e-05
0.0
9.545980166056665e-05
4.33908189366212e-06
2.5311311046362365e-06
2.2056999626115777e-05
1.0847704734155301e-05
3.652060593832284e-05
2.8927212624414135e-06
4.700672051467296e-06
7.954983471713886e-06
2.5311311046362365e-06
1.08477047341553e-06
9.039753945129416e-06
5.785442524882827e-06
1.627155710123295e-05
7.231803156103534e-06
1.4463606312207068e-06
6.147032682688004e-06
5.387693351297132e-05
2.16954094683106e-06
0.0
3.25431142024659e-06
8.316573629519063e-06
5.785442524882827e-06
2.5672901204167543e-05
3.615901578051767e-07
7.231803156103534e-07
3.615901578051767e-07
3.977491735856943e-06
1.4463606312207068e-06
4.700672051467296e-06
2.5311311046362365e-06
1.08477047341553e-06
1.4463606312207068e-06
1.8079507890258832e-05
3.615901578051767e-07
2.16954094683106e-06
1.4463606312207068e-06
3.977491735856943e-06
1.4463606312207068e-06
3.471265514929696e-05
1.735632757464848e-05
7.231803156103534e-06
3.615901578051767e-07
8.171937566396992e-05
1.08477047341553e-06
5.062262209272473e-06
3.615901578051767e-06
1.8079507890258834e-06
3.72437862539332e-05
2.5311311046362365e-06
3.1096753571245194e-05
1.3378835838791537e-05
1.08477047341553e-06
2.5311311046362365e-06
3.25431142024659e-06
7.954983471713886e-06
1.0124524418544946e-05
3.615901578051767e-07
3.615901578051767e-07
2.5311311046362368e-05
2.5311311046362365e-06
4.33908189366212e-06
7.231803156103534e-07
0.0
1.4463606312207068e-06
1.08477047341553e-06
5.785442524882827e-06
0.0
7.231803156103534e-07
2.16954094683106e-06
7.59339331390871e-06
1.6633147259038125e-05
8.67816378732424e-06
0.00020682957026456106
1.2655655523181184e-05
1.8079507890258834e-06
0.0
1.8802688205869185e-05
6.50862284049318e-06
2.8927212624414135e-06
5.062262209272473e-06
1.08477047341553e-06
0.0
6.147032682688004e-06
2.16954094683106e-06
1.5909966943427772e-05
0.0
2.5311311046362365e-06
3.25431142024659e-06
2.16954094683106e-06
0.0
3.615901578051767e-07
1.301724568098636e-05
7.231803156103534e-07
2.2056999626115777e-05
0.0
2.6757671677583075e-05
1.0486114576350124e-05
7.231803156103534e-07
9.329026071373558e-05
1.193247520757083e-05
0.0
1.0124524418544946e-05
7.231803156103534e-06
4.0498097674179784e-05
7.59339331390871e-06
0.0
0.0
1.4463606312207068e-06
5.062262209272473e-06
5.4238523670776504e-06
2.8927212624414135e-06
1.735632757464848e-05
0.00014210493201743444
5.062262209272473e-06
8.67816378732424e-06
1.1570885049765654e-05
1.518678662781742e-05
1.08477047341553e-06
6.147032682688004e-06
6.147032682688004e-06
3.037357325563484e-05
3.977491735856943e-06
1.0124524418544946e-05
0.0
9.401344102934593e-06
1.4463606312207068e-06
3.1096753571245194e-05
0.0
1.4463606312207068e-06
5.4238523670776504e-06
0.0
3.977491735856943e-06
0.0
3.652060593832284e-05
5.4238523670776504e-06
2.16954094683106e-06
1.0486114576350124e-05
2.278017994172613e-05
1.6994737416843304e-05
4.33908189366212e-06
1.8079507890258834e-06
3.25431142024659e-06
2.386495041514166e-05
1.0847704734155301e-05
2.8927212624414135e-06
7.954983471713886e-06
1.7717917732453657e-05
7.231803156103534e-06
1.301724568098636e-05
1.410201615440189e-05
4.845308114589367e-05
7.051008077200946e-05
3.615901578051767e-07
1.8079507890258834e-06
0.0
4.700672051467296e-06
1.9887458679284717e-05
4.700672051467296e-06
6.942531029859391e-05
9.075912960909935e-05
2.314177009953131e-05
1.3740425996596714e-05
7.231803156103534e-07
9.039753945129416e-06
2.7480851993193428e-05
7.231803156103534e-07
1.518678662781742e-05
0.0
2.16954094683106e-06
7.954983471713886e-06
2.16954094683106e-06
9.401344102934593e-06
9.039753945129416e-06
5.4238523670776504e-06
2.1695409468310602e-05
2.820403230880378e-05
7.231803156103534e-07
4.700672051467296e-06
9.76293426073977e-06
1.4463606312207068e-06
7.231803156103534e-06
3.977491735856943e-06
2.16954094683106e-06
3.977491735856943e-06
1.4463606312207068e-06
3.615901578051767e-06
8.67816378732424e-06
0.0
1.08477047341553e-06
1.2294065365376007e-05
6.147032682688004e-06
7.231803156103534e-07
1.8079507890258834e-06
3.977491735856943e-06
0.0
2.16954094683106e-06
2.061063899489507e-05
4.33908189366212e-06
7.231803156103534e-07
0.0
3.25431142024659e-06
7.59339331390871e-06
6.147032682688004e-06
1.08477047341553e-06
1.6633147259038125e-05
6.870212998298357e-06
7.231803156103534e-07
2.5311311046362365e-06
7.59339331390871e-06
3.25431142024659e-06
3.615901578051767e-07
5.785442524882827e-06
2.7480851993193428e-05
0.0
2.711926183538825e-05
7.231803156103534e-06
2.5311311046362365e-06
2.6396081519777896e-05
4.33908189366212e-06
7.231803156103534e-07
7.231803156103534e-07
3.615901578051767e-07
1.193247520757083e-05
1.08477047341553e-06
1.3378835838791537e-05
7.231803156103534e-07
4.700672051467296e-06
3.615901578051767e-06
6.147032682688004e-06
0.0
1.8079507890258834e-06
1.0124524418544946e-05
2.5311311046362365e-06
5.785442524882827e-06
1.3740425996596714e-05
5.062262209272473e-06
2.711926183538825e-05
8.316573629519063e-06
2.5311311046362365e-06
7.231803156103534e-07
2.4588130730752015e-05
6.147032682688004e-06
0.0
0.0
1.0847704734155301e-05
6.50862284049318e-06
2.5311311046362365e-06
3.615901578051767e-06
3.615901578051767e-07
1.4825196470012244e-05
7.231803156103534e-06
5.4238523670776504e-06
5.062262209272473e-06
3.977491735856943e-06
1.8079507890258834e-06
1.8079507890258834e-06
5.4238523670776504e-06
4.447558941003673e-05
2.7480851993193428e-05
2.6757671677583075e-05
5.062262209272473e-06
1.4825196470012244e-05
5.785442524882827e-06
2.1695409468310602e-05
3.615901578051767e-07
5.785442524882827e-06
6.0023966195659326e-05
7.231803156103534e-07
3.25431142024659e-06
1.193247520757083e-05
8.67816378732424e-06
3.615901578051767e-06
0.0
1.4825196470012244e-05
7.231803156103534e-07
3.615901578051767e-07
7.231803156103534e-06
9.76293426073977e-06
3.977491735856943e-06
7.304121187664568e-05
5.785442524882827e-06
4.19444583054005e-05
6.50862284049318e-06
1.3740425996596714e-05
2.8927212624414135e-06
9.401344102934593e-06
0.0
2.8927212624414135e-05
6.870212998298357e-06
3.615901578051767e-07
3.615901578051767e-07
1.193247520757083e-05
9.76293426073977e-06
2.6396081519777896e-05
7.231803156103534e-07
7.231803156103534e-07
3.615901578051767e-07
2.8927212624414135e-05
0.0
2.3503360257336483e-05
7.231803156103534e-07
3.9774917358569434e-05
1.3378835838791537e-05
3.25431142024659e-06
1.2294065365376007e-05
1.08477047341553e-06
1.08477047341553e-06
8.316573629519064e-05
0.0
1.8079507890258834e-06
5.062262209272473e-06
1.193247520757083e-05
1.4463606312207068e-06
6.50862284049318e-06
2.386495041514166e-05
4.700672051467296e-06
2.3503360257336483e-05
0.0
2.928880278221931e-05
0.0
2.8927212624414135e-06
0.0
0.0001439128828064603
0.0
9.401344102934593e-06
2.16954094683106e-06
3.796696656954355e-05
2.5311311046362365e-06
3.615901578051767e-07
5.4238523670776504e-06
1.08477047341553e-06
2.603449136197272e-05
6.870212998298357e-06
3.1819933886855544e-05
2.5311311046362365e-06
2.8927212624414135e-06
1.8079507890258832e-05
3.615901578051767e-07
3.25431142024659e-06
1.8079507890258834e-06
2.8927212624414135e-06
9.039753945129416e-06
2.16954094683106e-06
7.231803156103534e-07
2.5311311046362365e-06
0.0001533142269093949
3.25431142024659e-06
0.00012764132570522736
1.08477047341553e-06
1.1209294891960478e-05
2.5311311046362365e-06
0.0
1.2294065365376007e-05
2.16954094683106e-06
3.615901578051767e-07
2.8927212624414135e-06
2.5311311046362365e-06
4.447558941003673e-05
0.0
7.810347408591815e-05
6.147032682688004e-06
1.0847704734155301e-05
6.870212998298357e-06
3.615901578051767e-07
2.8927212624414135e-06
0.0
1.0847704734155301e-05
1.8079507890258834e-06
3.615901578051767e-07
5.062262209272473e-06
0.0
5.098421225052991e-05
3.362788467588143e-05
3.615901578051767e-06
1.1209294891960478e-05
7.231803156103534e-07
0.0
5.062262209272473e-06
9.76293426073977e-06
2.494972088855719e-05
7.231803156103534e-07
3.615901578051767e-07
1.1209294891960478e-05
1.3378835838791537e-05
7.59339331390871e-06
3.977491735856943e-06
1.3740425996596714e-05
3.615901578051767e-06
3.615901578051767e-07
2.1695409468310602e-05
1.193247520757083e-05
0.0
1.952586852147954e-05
9.76293426073977e-06
1.4463606312207068e-06
3.25431142024659e-06
0.0
0.0
6.580940872054216e-05
3.615901578051767e-06
1.3378835838791537e-05
2.16954094683106e-06
0.0
0.0
9.76293426073977e-06
9.401344102934593e-06
7.231803156103534e-07
2.5311311046362365e-06
2.5311311046362365e-06
0.0
3.652060593832284e-05
3.615901578051767e-07
1.8079507890258834e-06
0.0
0.000108477047341553
1.0486114576350124e-05
0.0
2.5311311046362365e-06
3.615901578051767e-06
5.749283509102309e-05
0.0
7.231803156103534e-07
4.33908189366212e-06
3.1819933886855544e-05
3.977491735856943e-06
0.0
4.33908189366212e-06
2.8927212624414135e-06
7.59339331390871e-06
2.061063899489507e-05
0.0
7.231803156103534e-07
0.0
1.4463606312207067e-05
1.4825196470012244e-05
1.4463606312207068e-06
3.25431142024659e-06
1.5548376785622597e-05
1.8079507890258834e-06
3.977491735856943e-06
5.785442524882827e-05
0.00010052206386983912
3.615901578051767e-07
2.16954094683106e-06
1.4463606312207068e-06
0.0
3.615901578051767e-06
3.615901578051767e-07
5.062262209272473e-06
0.0
2.4226540572946837e-05
6.50862284049318e-06
7.231803156103534e-07
0.0
0.0
1.8079507890258834e-06
1.08477047341553e-06
1.0847704734155301e-05
0.0010529505395286745
3.615901578051767e-07
3.615901578051767e-07
7.954983471713886e-06
2.7480851993193428e-05
1.410201615440189e-05
3.615901578051767e-06
1.08477047341553e-06
0.00010160683434325464
1.301724568098636e-05
1.4463606312207068e-06
0.00019200437379454882
7.231803156103534e-07
1.4463606312207068e-06
0.0
3.615901578051767e-07
5.4238523670776504e-06
6.50862284049318e-06
3.615901578051767e-06
0.0
5.785442524882827e-06
6.147032682688004e-06
1.4463606312207068e-06
1.4463606312207067e-05
2.16954094683106e-06
9.76293426073977e-06
6.50862284049318e-06
8.316573629519063e-06
1.8079507890258834e-06
3.25431142024659e-06
8.786640834665794e-05
0.0
1.08477047341553e-06
1.5548376785622597e-05
3.615901578051767e-07
5.785442524882827e-06
0.0
1.8079507890258834e-06
3.25431142024659e-06
7.231803156103534e-07
9.545980166056665e-05
0.0
1.4463606312207068e-06
1.4463606312207068e-06
0.0
3.977491735856943e-06
6.870212998298357e-06
9.039753945129416e-06
1.844109804806401e-05
3.977491735856943e-06
3.25431142024659e-06
1.08477047341553e-06
0.00012800291586303255
3.615901578051767e-07
7.231803156103534e-07
1.08477047341553e-06
7.44875725078664e-05
0.0
1.4463606312207068e-06
8.67816378732424e-06
2.16954094683106e-06
2.8927212624414135e-06
9.039753945129416e-06
5.785442524882827e-06
1.2655655523181184e-05
3.615901578051767e-06
2.16954094683106e-06
8.678163787324241e-05
3.977491735856943e-06
6.50862284049318e-06
3.615901578051767e-06
0.0
2.16954094683106e-06
0.0
3.25431142024659e-06
7.954983471713886e-06
4.700672051467296e-06
4.700672051467296e-06
7.665711345469745e-05
1.08477047341553e-06
2.4226540572946837e-05
3.25431142024659e-06
8.67816378732424e-06
0.0
6.870212998298357e-06
0.0
2.8927212624414135e-06
0.0
1.08477047341553e-06
3.977491735856943e-06
5.4238523670776504e-06
1.8079507890258834e-06
0.0
2.16954094683106e-06
2.0249048837089892e-05
1.4463606312207068e-06
3.977491735856943e-06
1.1570885049765654e-05
6.147032682688004e-06
4.700672051467296e-06
6.147032682688004e-06
8.67816378732424e-06
1.8079507890258832e-05
0.0
1.08477047341553e-06
1.2655655523181184e-05
1.1570885049765654e-05
7.882665440152851e-05
3.615901578051767e-07
7.231803156103534e-06
1.1570885049765654e-05
7.231803156103534e-07
9.039753945129416e-06
2.1695409468310602e-05
1.8079507890258834e-06
6.147032682688003e-05
0.0
1.4463606312207068e-06
4.664513035686779e-05
2.16954094683106e-06
1.4463606312207067e-05
4.7006720514672967e-05
2.386495041514166e-05
7.231803156103534e-07
2.5311311046362365e-06
1.301724568098636e-05
3.615901578051767e-06
2.4588130730752015e-05
2.16954094683106e-06
0.0
0.0005922846784848794
2.314177009953131e-05
4.33908189366212e-06
4.33908189366212e-06
4.700672051467296e-06
1.08477047341553e-06
0.001690795577897006
1.0124524418544946e-05
7.59339331390871e-06
5.062262209272473e-06
3.615901578051767e-07
5.785442524882827e-06
3.615901578051767e-07
2.5311311046362365e-06
6.50862284049318e-06
3.25431142024659e-06
8.027301503274922e-05
4.447558941003673e-05
1.4463606312207068e-06
9.039753945129416e-06
7.954983471713886e-06
5.785442524882827e-06
7.231803156103534e-07
4.700672051467296e-06
5.062262209272473e-06
1.410201615440189e-05
2.5311311046362365e-06
0.0002730005691429084
1.4463606312207068e-06
1.627155710123295e-05
4.33908189366212e-06
3.615901578051767e-06
1.410201615440189e-05
7.231803156103534e-07
7.231803156103534e-07
0.0
1.1570885049765654e-05
0.0
1.193247520757083e-05
3.977491735856943e-06
3.615901578051767e-07
8.316573629519063e-06
1.4463606312207068e-06
8.316573629519063e-06
1.1570885049765654e-05
2.494972088855719e-05
7.954983471713886e-06
7.051008077200946e-05
7.231803156103534e-07
1.1209294891960478e-05
5.785442524882827e-06
7.231803156103534e-07
9.76293426073977e-06
7.231803156103534e-07
1.4463606312207068e-06
9.039753945129416e-06
1.3740425996596714e-05
0.00010883863749935818
5.1345802408335086e-05
1.8079507890258834e-06
3.615901578051767e-07
1.4463606312207068e-06
2.16954094683106e-06
6.147032682688004e-06
2.0249048837089892e-05
5.062262209272473e-06
4.230604846320567e-05
3.615901578051767e-07
7.954983471713886e-06
5.4238523670776504e-06
7.59339331390871e-06
5.206898272394544e-05
1.301724568098636e-05
2.8927212624414135e-06
6.870212998298357e-06
1.4463606312207068e-06
3.615901578051767e-07
2.4226540572946837e-05
3.615901578051767e-07
3.615901578051767e-07
4.0498097674179784e-05
3.652060593832284e-05
1.8079507890258834e-06
5.062262209272473e-06
2.16954094683106e-06
9.401344102934593e-06
4.33908189366212e-06
1.844109804806401e-05
3.615901578051767e-06
2.8927212624414135e-06
3.977491735856943e-06
3.615901578051767e-06
3.1819933886855544e-05
0.0
1.08477047341553e-06
9.220549024032005e-05
7.59339331390871e-06
4.700672051467296e-06
0.0
7.954983471713886e-06
3.615901578051767e-07
1.8079507890258834e-06
1.6994737416843304e-05
1.4463606312207068e-06
3.25431142024659e-06
1.8079507890258834e-06
3.615901578051767e-07
3.615901578051767e-07
2.8927212624414135e-06
7.59339331390871e-06
9.76293426073977e-06
2.603449136197272e-05
5.785442524882827e-06
0.0
2.8927212624414135e-06
1.08477047341553e-06
0.00017356327574648481
8.208096582177511e-05
3.615901578051767e-07
1.4825196470012244e-05
3.615901578051767e-06
5.4961703986386856e-05
3.615901578051767e-07
0.0
0.0
8.316573629519063e-06
1.1209294891960478e-05
3.25431142024659e-06
0.0
6.50862284049318e-06
5.062262209272473e-06
0.0
6.50862284049318e-06
2.8927212624414135e-06
5.062262209272473e-06
7.954983471713887e-05
6.147032682688004e-06
0.0
7.231803156103534e-07
1.8079507890258834e-06
3.615901578051767e-07
1.3740425996596714e-05
2.16954094683106e-06
3.615901578051767e-07
2.5311311046362365e-06
0.0
0.0
6.870212998298357e-06
2.8927212624414135e-06
5.062262209272473e-06
4.0498097674179784e-05
3.4351064991491786e-05
2.5311311046362365e-06
1.8802688205869185e-05
7.44875725078664e-05
2.386495041514166e-05
5.062262209272473e-06
1.2294065365376007e-05
3.615901578051767e-07
1.410201615440189e-05
0.0
1.0847704734155301e-05
1.2294065365376007e-05
