0.001509485842567124
2.8249891002503883e-06
3.7666521336671843e-06
3.248737465287946e-05
1.2712450951126746e-05
1.3654113984543543e-05
9.416630334167961e-07
1.8833260668335922e-06
3.2958206169587863e-06
7.533304267334369e-06
2.1658249768586308e-05
1.5066608534668737e-05
2.7308227969087086e-05
1.930409218504432e-05
3.7666521336671843e-06
4.7083151670839804e-07
2.0245755218461116e-05
3.2958206169587863e-06
1.8833260668335922e-06
5.461645593817417e-05
5.602895048829937e-05
8.474967300751165e-06
1.9774923701752718e-05
6.120809717209174e-06
2.7779059485795483e-05
2.118741825187791e-05
1.5066608534668737e-05
5.179146683792378e-06
2.3070744318711504e-05
2.0245755218461116e-05
0.0
1.8833260668335922e-06
4.708315167083981e-06
3.2958206169587863e-06
6.591641233917573e-06
5.649978200500777e-06
8.004135784042767e-06
1.8833260668335923e-05
8.945798817459562e-06
2.5424901902253492e-05
4.7083151670839804e-05
3.0133217069337475e-05
9.416630334167961e-07
1.7891597634919124e-05
2.8249891002503883e-06
2.3541575835419902e-05
1.4124945501251942e-06
1.2241619434418349e-05
0.0016370811835951
7.533304267334369e-06
4.237483650375582e-06
4.237483650375582e-06
3.342903768629626e-05
0.00039691096858517956
0.0002631948178399945
2.0716586735169513e-05
3.2958206169587863e-06
1.0358293367584757e-05
1.8833260668335922e-06
4.7083151670839804e-07
5.649978200500777e-06
2.636656493567029e-05
5.697061352171616e-05
0.0
9.416630334167961e-06
3.578319526983825e-05
1.0829124884293154e-05
2.5424901902253492e-05
5.0849803804506984e-05
4.708315167083981e-06
1.1299956401001553e-05
1.459577701796034e-05
7.06247275062597e-06
4.7083151670839804e-07
4.708315167083981e-06
2.212908128529471e-05
9.416630334167961e-07
9.416630334167961e-07
6.591641233917573e-06
5.179146683792378e-06
1.4124945501251942e-06
8.004135784042767e-06
1.3183282467835145e-05
3.2958206169587863e-06
8.004135784042767e-06
2.3541575835419904e-06
0.0002217616443696555
1.3183282467835145e-05
1.4124945501251942e-06
8.004135784042767e-06
0.0002156408346524463
1.1299956401001553e-05
1.2241619434418349e-05
7.533304267334369e-06
1.0829124884293154e-05
3.0133217069337475e-05
4.708315167083981e-06
6.591641233917573e-06
3.7666521336671843e-06
1.0829124884293154e-05
6.544558082246733e-05
6.497474930575892e-05
4.7083151670839804e-05
0.00018362429151627525
1.0358293367584757e-05
3.060404858604587e-05
2.0716586735169513e-05
2.8249891002503883e-06
2.8249891002503883e-06
1.0358293367584757e-05
2.3070744318711504e-05
5.037897228779859e-05
0.0007457971224661024
1.8833260668335922e-06
7.533304267334369e-06
5.179146683792378e-06
3.860818437008864e-05
2.3541575835419904e-06
7.06247275062597e-06
6.450391778905053e-05
5.649978200500777e-06
4.237483650375582e-06
1.1770787917709951e-05
2.212908128529471e-05
4.80248147042566e-05
4.7083151670839804e-07
6.497474930575892e-05
3.2958206169587863e-06
0.0
9.416630334167961e-07
1.647910308479393e-05
0.0002820280785083304
2.5895733418961893e-05
0.0
2.0716586735169513e-05
2.3541575835419904e-06
4.708315167083981e-06
0.00027449477424099604
6.120809717209174e-06
9.416630334167961e-07
1.459577701796034e-05
5.3203961388048976e-05
1.8362429151627522e-05
1.4124945501251942e-06
6.120809717209174e-06
1.8833260668335922e-06
9.416630334167961e-07
1.1770787917709951e-05
0.0
1.3654113984543543e-05
4.708315167083981e-06
1.930409218504432e-05
6.638724385588412e-05
0.00010358293367584757
4.190400498704743e-05
1.647910308479393e-05
2.0245755218461116e-05
1.8833260668335922e-06
5.179146683792378e-06
3.2958206169587863e-06
1.1770787917709951e-05
1.647910308479393e-05
0.0014044904143411514
1.0358293367584757e-05
2.4483238868836697e-05
6.120809717209174e-06
1.3183282467835145e-05
1.3183282467835145e-05
1.0829124884293154e-05
0.00024200739958811659
2.7779059485795483e-05
0.00017891597634919125
4.80248147042566e-05
0.00015254941141352096
0.0
2.3541575835419904e-06
5.649978200500777e-06
4.7083151670839804e-07
3.7666521336671843e-06
0.00013230365619505983
0.00010923291187634834
9.887461850876359e-06
9.416630334167961e-06
9.699129244193e-05
1.0829124884293154e-05
8.474967300751165e-06
2.5424901902253492e-05
5.649978200500777e-06
1.412494550125194e-05
1.3654113984543543e-05
6.120809717209174e-06
8.474967300751165e-06
0.0
9.887461850876359e-06
8.004135784042767e-06
0.00030039050765995795
0.0
0.0
4.708315167083981e-06
1.8833260668335922e-06
2.872072251921228e-05
2.3541575835419904e-06
3.7666521336671843e-06
6.120809717209174e-06
5.179146683792378e-06
3.2958206169587863e-06
3.7195689819963445e-05
2.5895733418961893e-05
2.8249891002503883e-06
0.00018268262848285843
5.744144503842456e-05
0.0
7.06247275062597e-06
9.981628154218038e-05
1.0358293367584757e-05
8.945798817459562e-06
9.934545002547198e-05
1.4124945501251942e-06
5.649978200500777e-06
1.5537440051377137e-05
9.228297727484602e-05
6.403308627234214e-05
0.0001652618623646477
3.9079015886797035e-05
8.945798817459562e-06
4.7083151670839804e-07
4.002067892021383e-05
1.694993460150233e-05
3.107488010275427e-05
0.00020292838370131956
3.342903768629626e-05
0.0
5.179146683792378e-06
0.0
9.416630334167961e-07
2.824989100250388e-05
9.416630334167961e-07
3.2958206169587863e-06
7.862886329030248e-05
9.416630334167961e-06
6.026643413867495e-05
0.00012900783557810106
7.533304267334369e-06
2.7779059485795483e-05
2.8249891002503883e-06
2.7308227969087086e-05
6.120809717209174e-06
1.3183282467835145e-05
0.00020575337280156995
9.416630334167961e-07
1.0358293367584757e-05
8.474967300751165e-06
2.118741825187791e-05
1.3654113984543543e-05
2.3541575835419904e-06
6.262059172221694e-05
4.708315167083981e-06
7.06247275062597e-06
2.8249891002503883e-06
5.179146683792378e-06
0.0
1.2241619434418349e-05
3.389986920300466e-05
3.2958206169587863e-06
0.0
0.00037478188729988485
9.134131424142922e-05
4.708315167083981e-06
1.0829124884293154e-05
4.7083151670839804e-07
2.0245755218461116e-05
0.0
3.2958206169587863e-06
2.8249891002503883e-06
6.591641233917573e-06
7.721636874017728e-05
3.6724858303255044e-05
7.39205481232185e-05
2.7308227969087086e-05
4.7083151670839804e-07
5.697061352171616e-05
3.437070071971306e-05
3.9549847403505436e-05
2.3541575835419904e-06
6.120809717209174e-06
0.0
2.5424901902253492e-05
0.00021093251948536233
0.0005070855434949447
4.708315167083981e-06
2.636656493567029e-05
0.00019774923701752718
1.0829124884293154e-05
7.06247275062597e-06
1.2712450951126746e-05
1.4124945501251942e-06
6.591641233917573e-06
1.930409218504432e-05
6.591641233917573e-06
9.416630334167961e-06
4.7083151670839804e-07
1.5537440051377137e-05
5.3203961388048976e-05
2.4954070385545095e-05
2.0716586735169513e-05
1.412494550125194e-05
4.237483650375582e-06
1.8833260668335922e-06
7.533304267334369e-06
2.4954070385545095e-05
2.8249891002503883e-06
9.887461850876359e-06
0.00013559947681201863
2.5424901902253492e-05
4.7083151670839804e-07
1.6008271568085534e-05
2.8249891002503883e-06
4.80248147042566e-05
1.1770787917709951e-05
9.416630334167961e-07
7.06247275062597e-06
1.8833260668335922e-06
2.9662385552629077e-05
2.8249891002503883e-06
9.416630334167961e-06
4.708315167083981e-06
1.1770787917709951e-05
3.2958206169587863e-06
0.0001629077047811057
2.4954070385545095e-05
4.7083151670839804e-07
3.437070071971306e-05
9.416630334167961e-07
3.7666521336671843e-06
1.7891597634919124e-05
0.0
4.237483650375582e-06
1.0358293367584757e-05
1.8833260668335922e-06
2.8249891002503883e-06
1.9774923701752718e-05
1.3183282467835145e-05
4.8966477737673394e-05
4.708315167083981e-06
0.0002919155403592068
3.7666521336671843e-06
1.0358293367584757e-05
3.2958206169587863e-06
3.9549847403505436e-05
7.533304267334369e-06
1.1770787917709951e-05
6.732890688930092e-05
3.813735285338024e-05
0.0001224161943441835
1.0829124884293154e-05
4.708315167083981e-06
2.1658249768586308e-05
2.3541575835419904e-06
4.8495646220965e-05
2.9662385552629077e-05
5.179146683792378e-06
0.0
5.555811897159097e-05
2.118741825187791e-05
0.0
1.8833260668335922e-06
7.533304267334369e-06
0.00011205790097659874
1.647910308479393e-05
1.8362429151627522e-05
0.0
1.4124945501251942e-06
9.652046092522159e-05
1.8833260668335922e-06
2.8249891002503883e-06
3.7666521336671846e-05
0.0
3.2958206169587863e-06
3.7666521336671843e-06
2.0716586735169513e-05
1.0829124884293154e-05
1.4124945501251942e-06
4.190400498704743e-05
1.2241619434418349e-05
5.179146683792378e-06
4.1433173470339026e-05
3.578319526983825e-05
9.887461850876359e-05
6.591641233917573e-06
8.474967300751165e-06
8.474967300751165e-06
4.7083151670839804e-07
3.5312363753129855e-05
9.887461850876359e-06
1.2712450951126746e-05
7.533304267334369e-06
1.8362429151627522e-05
7.533304267334369e-06
0.00016008271568085532
1.7891597634919124e-05
0.0007175472314635986
0.00018079930241602485
4.237483650375582e-06
9.416630334167961e-07
2.3541575835419904e-06
8.427884149080325e-05
6.591641233917573e-06
4.7083151670839804e-07
0.0007443846279159773
0.0
2.3541575835419904e-06
1.647910308479393e-05
1.1770787917709951e-05
8.474967300751165e-06
5.649978200500777e-06
3.7666521336671843e-06
4.7083151670839804e-07
1.5537440051377137e-05
9.840378699205518e-05
2.1658249768586308e-05
2.7308227969087086e-05
5.179146683792378e-06
6.120809717209174e-06
3.060404858604587e-05
4.7083151670839804e-07
0.00011111623794318193
4.237483650375582e-06
8.004135784042767e-06
5.649978200500777e-06
3.248737465287946e-05
3.342903768629626e-05
5.3203961388048976e-05
3.201654313617107e-05
9.416630334167961e-07
0.00012900783557810106
0.0
1.459577701796034e-05
3.7666521336671843e-06
6.591641233917573e-06
2.8249891002503883e-06
3.060404858604587e-05
1.2241619434418349e-05
2.0245755218461116e-05
6.120809717209174e-06
1.694993460150233e-05
4.190400498704743e-05
9.416630334167961e-07
3.860818437008864e-05
1.2241619434418349e-05
0.0
2.118741825187791e-05
9.416630334167961e-07
5.697061352171616e-05
1.8833260668335923e-05
7.533304267334369e-06
0.0
2.3541575835419904e-06
0.0001685576829816065
2.5424901902253492e-05
1.2712450951126746e-05
2.0716586735169513e-05
0.0
0.0
6.591641233917573e-06
2.8249891002503883e-06
1.4124945501251942e-06
4.708315167083981e-06
1.8833260668335922e-06
0.0
1.8833260668335922e-06
2.40124073521283e-05
0.00013042033012822626
5.649978200500777e-06
3.2958206169587863e-06
0.0
0.0
6.591641233917573e-06
7.533304267334369e-06
1.4124945501251942e-06
0.0
0.0
5.649978200500777e-06
6.591641233917573e-06
0.004567536543588169
4.049151043692223e-05
5.3674792904757377e-05
1.9774923701752718e-05
4.708315167083981e-06
4.237483650375582e-06
5.273312987134058e-05
9.416630334167961e-07
1.4124945501251942e-06
3.2958206169587863e-06
1.2241619434418349e-05
0.00015066608534668738
1.5537440051377137e-05
6.120809717209174e-06
0.0
1.6008271568085534e-05
2.5424901902253492e-05
2.1658249768586308e-05
1.8833260668335923e-05
6.827056992271771e-05
1.0358293367584757e-05
1.5537440051377137e-05
9.416630334167961e-06
5.697061352171616e-05
7.15663905396765e-05
7.533304267334369e-06
1.1299956401001553e-05
3.060404858604587e-05
2.3541575835419902e-05
0.0
1.3654113984543543e-05
2.3541575835419904e-06
4.237483650375582e-06
1.412494550125194e-05
4.237483650375582e-06
2.2599912802003107e-05
3.5312363753129855e-05
4.708315167083981e-06
1.412494550125194e-05
1.6008271568085534e-05
9.416630334167961e-07
2.6837396452378688e-05
1.8833260668335922e-06
9.416630334167961e-06
1.8833260668335922e-06
0.0004962564186106515
7.06247275062597e-06
3.625402678654665e-05
1.1770787917709951e-05
6.120809717209174e-06
2.636656493567029e-05
2.1658249768586308e-05
2.872072251921228e-05
1.3183282467835145e-05
4.7083151670839804e-07
9.416630334167961e-07
1.4124945501251942e-06
1.0358293367584757e-05
4.7083151670839804e-07
8.004135784042767e-06
3.4841532236421454e-05
8.474967300751165e-06
8.663299907434523e-05
2.4483238868836697e-05
2.8249891002503883e-06
1.9774923701752718e-05
4.237483650375582e-06
2.40124073521283e-05
1.694993460150233e-05
3.107488010275427e-05
5.744144503842456e-05
2.8249891002503883e-06
1.1299956401001553e-05
1.8833260668335922e-06
1.412494550125194e-05
4.190400498704743e-05
2.3541575835419902e-05
1.1770787917709951e-05
9.416630334167961e-07
1.5066608534668737e-05
1.3654113984543543e-05
4.5199825604006214e-05
8.004135784042767e-06
3.7666521336671843e-06
8.004135784042767e-06
2.8249891002503883e-06
1.5066608534668737e-05
9.416630334167961e-06
0.0006553974712580901
9.416630334167961e-07
5.0849803804506984e-05
5.649978200500777e-06
1.8833260668335922e-06
2.212908128529471e-05
0.000288619719742248
1.694993460150233e-05
1.0829124884293154e-05
5.508728745488257e-05
6.591641233917573e-06
1.6008271568085534e-05
5.649978200500777e-06
3.2958206169587863e-06
0.0
1.0829124884293154e-05
7.533304267334369e-06
1.4124945501251942e-06
2.8249891002503883e-06
2.3541575835419904e-06
2.40124073521283e-05
8.474967300751165e-06
6.120809717209174e-06
3.0133217069337475e-05
1.694993460150233e-05
0.00020528254128486154
1.0829124884293154e-05
0.00027590726879112124
4.7083151670839804e-07
7.533304267334369e-06
0.00010640792277609795
0.00010687875429280636
0.0
9.416630334167961e-07
6.497474930575892e-05
0.0033221871818944564
1.7891597634919124e-05
0.00011676621614368272
5.179146683792378e-06
7.01538959895513e-05
3.813735285338024e-05
4.7083151670839804e-07
2.4483238868836697e-05
0.0
5.791227655513296e-05
1.5537440051377137e-05
3.9079015886797035e-05
9.55787978918048e-05
0.0
3.9079015886797035e-05
1.2241619434418349e-05
3.154571161946267e-05
2.7779059485795483e-05
1.0829124884293154e-05
0.0001205328682773499
6.591641233917573e-06
3.437070071971306e-05
4.190400498704743e-05
4.708315167083981e-06
8.474967300751165e-06
6.591641233917573e-06
9.887461850876359e-06
9.887461850876359e-06
1.3654113984543543e-05
2.0716586735169513e-05
4.708315167083981e-06
0.0020697753474501175
3.4841532236421454e-05
1.4124945501251942e-06
2.8249891002503883e-06
0.00024341989413824178
9.652046092522159e-05
1.4124945501251942e-06
2.3541575835419902e-05
6.591641233917573e-06
4.708315167083981e-06
0.0003286403986624618
0.0
1.0358293367584757e-05
1.3654113984543543e-05
4.1433173470339026e-05
1.9774923701752718e-05
3.7195689819963445e-05
1.6008271568085534e-05
4.7083151670839804e-07
2.4483238868836697e-05
2.3541575835419902e-05
5.414562442146577e-05
3.7666521336671843e-06
2.8249891002503883e-06
1.8833260668335922e-06
5.649978200500777e-06
1.4124945501251942e-06
1.8833260668335922e-06
9.416630334167961e-07
3.7666521336671843e-06
2.5424901902253492e-05
0.00048542729372635837
2.5895733418961893e-05
6.591641233917573e-06
4.7083151670839804e-07
3.7666521336671843e-06
0.00011535372159355752
1.4124945501251942e-06
4.237483650375582e-06
1.459577701796034e-05
1.4124945501251942e-06
6.591641233917573e-05
8.004135784042767e-06
0.0
5.179146683792378e-06
8.898715665788723e-05
4.7083151670839804e-07
2.0716586735169513e-05
7.533304267334369e-06
1.8833260668335923e-05
1.8833260668335922e-06
1.8833260668335922e-06
2.3541575835419904e-06
5.179146683792378e-06
5.649978200500777e-06
3.2958206169587863e-06
2.8249891002503883e-06
1.8833260668335922e-06
2.118741825187791e-05
0.0
2.40124073521283e-05
1.1770787917709951e-05
2.1658249768586308e-05
1.2712450951126746e-05
5.179146683792378e-06
6.591641233917573e-06
8.004135784042767e-06
1.3654113984543543e-05
2.8249891002503883e-06
8.945798817459562e-06
4.7083151670839804e-07
0.0
2.2599912802003107e-05
1.4124945501251942e-06
7.768720025688568e-05
1.5537440051377137e-05
0.00013136199316164305
1.8833260668335922e-06
4.5199825604006214e-05
0.00011347039552672393
1.4124945501251942e-06
0.0018814427407667586
0.0
5.179146683792378e-06
8.945798817459562e-06
1.0358293367584757e-05
3.154571161946267e-05
1.3654113984543543e-05
8.004135784042767e-06
1.4124945501251942e-06
6.403308627234214e-05
0.00015678689506389655
7.533304267334369e-06
5.744144503842456e-05
1.7420766118210727e-05
2.5424901902253492e-05
2.8249891002503883e-06
9.416630334167961e-07
0.0
8.004135784042767e-06
4.237483650375582e-06
1.930409218504432e-05
8.004135784042767e-06
0.0
3.7666521336671846e-05
2.8249891002503883e-06
0.0
2.0245755218461116e-05
1.3654113984543543e-05
6.120809717209174e-06
2.919155403592068e-05
1.2712450951126746e-05
1.3654113984543543e-05
4.237483650375582e-06
1.4124945501251942e-06
1.8833260668335922e-06
5.697061352171616e-05
6.591641233917573e-06
5.037897228779859e-05
3.107488010275427e-05
4.237483650375582e-06
4.66123201541314e-05
0.00032204875742854427
1.0358293367584757e-05
8.474967300751165e-06
4.7083151670839804e-07
0.0006092559826206671
8.004135784042767e-06
4.7083151670839804e-07
4.66123201541314e-05
2.3070744318711504e-05
1.8833260668335922e-06
3.248737465287946e-05
4.049151043692223e-05
1.2241619434418349e-05
0.0
1.2241619434418349e-05
0.0004044442728525139
3.7666521336671843e-06
1.1299956401001553e-05
2.0245755218461116e-05
9.416630334167961e-06
1.5066608534668737e-05
2.3541575835419904e-06
2.8249891002503883e-06
4.708315167083981e-06
3.5312363753129855e-05
1.0358293367584757e-05
0.0003154571161946267
1.8833260668335922e-06
2.3541575835419904e-06
5.979560262196655e-05
1.8833260668335922e-06
4.002067892021383e-05
0.00018739094364994243
1.1299956401001553e-05
3.2958206169587863e-06
0.0
2.0245755218461116e-05
9.416630334167961e-07
7.533304267334369e-06
4.5199825604006214e-05
2.8249891002503883e-06
1.0829124884293154e-05
4.425816257058942e-05
1.459577701796034e-05
0.0001224161943441835
4.002067892021383e-05
9.840378699205518e-05
5.649978200500777e-06
9.32246403082628e-05
5.649978200500777e-06
3.0133217069337475e-05
3.2958206169587863e-06
4.237483650375582e-06
3.9549847403505436e-05
9.416630334167961e-07
1.2712450951126746e-05
3.860818437008864e-05
1.0358293367584757e-05
6.591641233917573e-06
6.591641233917573e-06
3.7666521336671843e-06
2.212908128529471e-05
0.0
0.00021234501403548752
4.237483650375582e-06
3.154571161946267e-05
6.262059172221694e-05
1.5537440051377137e-05
2.0716586735169513e-05
2.8249891002503883e-06
2.3541575835419904e-06
7.533304267334369e-06
1.0358293367584757e-05
6.591641233917573e-06
3.9079015886797035e-05
1.0358293367584757e-05
3.813735285338024e-05
7.06247275062597e-06
4.237483650375582e-06
1.8362429151627522e-05
2.3541575835419904e-06
7.533304267334369e-06
1.2712450951126746e-05
1.694993460150233e-05
1.1299956401001553e-05
5.649978200500777e-06
4.237483650375582e-06
1.1770787917709951e-05
6.120809717209174e-06
8.474967300751165e-06
9.416630334167961e-07
4.472899408729781e-05
4.7083151670839804e-07
9.416630334167961e-07
5.226229835463218e-05
4.002067892021383e-05
4.708315167083981e-06
1.7891597634919124e-05
3.860818437008864e-05
1.8362429151627522e-05
3.7666521336671843e-06
5.791227655513296e-05
4.7083151670839804e-07
1.0358293367584757e-05
3.4841532236421454e-05
8.004135784042766e-05
3.7666521336671843e-06
0.00018597844909981723
0.0
1.1299956401001553e-05
2.8249891002503883e-06
4.614148863742301e-05
1.0829124884293154e-05
2.5424901902253492e-05
0.0008630341701264936
2.4954070385545095e-05
0.00013701197136214383
7.06247275062597e-06
3.7666521336671843e-06
1.5537440051377137e-05
1.9774923701752718e-05
4.708315167083981e-06
2.0245755218461116e-05
2.118741825187791e-05
4.7083151670839804e-07
4.7083151670839804e-07
4.237483650375582e-06
2.3070744318711504e-05
1.8833260668335922e-06
5.602895048829937e-05
3.813735285338024e-05
2.8249891002503883e-06
2.8249891002503883e-06
8.004135784042767e-06
5.649978200500777e-06
5.179146683792378e-06
4.708315167083981e-06
2.118741825187791e-05
6.874140143942612e-05
1.9774923701752718e-05
0.0
7.674553722346887e-05
1.5537440051377137e-05
1.4124945501251942e-06
1.2241619434418349e-05
1.6008271568085534e-05
3.625402678654665e-05
0.00011535372159355752
6.120809717209174e-06
8.004135784042767e-06
1.3183282467835145e-05
3.7666521336671843e-06
3.7666521336671846e-05
4.7083151670839804e-07
8.004135784042767e-06
6.309142323892533e-05
5.791227655513296e-05
7.674553722346887e-05
0.0
4.708315167083981e-06
7.533304267334369e-06
0.0021498167052905453
2.2599912802003107e-05
1.930409218504432e-05
5.885393958854975e-05
8.004135784042767e-06
7.533304267334369e-06
0.0
2.6837396452378688e-05
2.7779059485795483e-05
2.5895733418961893e-05
3.389986920300466e-05
1.1770787917709951e-05
0.0002721406166574541
3.342903768629626e-05
0.0002099908564519455
0.0
3.7666521336671843e-06
5.649978200500777e-06
1.0829124884293154e-05
8.333717845738645e-05
4.237483650375582e-06
2.3541575835419904e-06
1.4124945501251942e-06
2.3541575835419904e-06
5.179146683792378e-06
4.7083151670839804e-07
2.636656493567029e-05
9.369547182497121e-05
0.00011723704766039111
0.00020434087825144475
4.237483650375582e-06
3.7666521336671843e-06
1.2712450951126746e-05
0.00015019525382997898
0.00043975663660564377
2.3541575835419904e-06
0.00013748280287885224
1.1770787917709951e-05
0.00017467849269881566
2.824989100250388e-05
1.1299956401001553e-05
3.248737465287946e-05
2.872072251921228e-05
3.342903768629626e-05
2.7308227969087086e-05
1.3183282467835145e-05
3.2958206169587863e-06
4.708315167083981e-06
1.2712450951126746e-05
9.087048272472082e-05
1.0358293367584757e-05
8.945798817459563e-05
0.00037336939274975966
9.416630334167961e-07
8.945798817459562e-06
1.4124945501251942e-06
2.8249891002503883e-06
7.815803177359407e-05
2.3541575835419904e-06
9.887461850876359e-06
1.0358293367584757e-05
1.1770787917709951e-05
7.533304267334369e-06
5.179146683792378e-06
8.945798817459562e-06
1.0358293367584757e-05
1.4124945501251942e-06
1.8833260668335922e-06
2.8249891002503883e-06
4.002067892021383e-05
8.004135784042766e-05
0.0004722440112585232
0.0005296854562969478
7.06247275062597e-06
0.00024812820930532575
1.647910308479393e-05
5.179146683792378e-06
0.0
3.7666521336671843e-06
3.7666521336671843e-06
